0 0.718018 0.766297 0.146973 0.168840
0 0.654297 0.477184 0.083984 0.146023
0 0.757080 0.460235 0.064941 0.054759
0 0.413330 0.158409 0.068848 0.079531
0 0.107910 0.141134 0.108398 0.116688
0 0.139893 0.943611 0.086426 0.112777
0 0.393555 0.713168 0.059570 0.065189
0 0.390381 0.288787 0.061035 0.073012
0 0.284912 0.302803 0.036621 0.069752
0 0.357422 0.408083 0.081055 0.096480
0 0.343018 0.481421 0.030762 0.033246
0 0.373047 0.911995 0.084961 0.130378
0 0.801514 0.677966 0.029785 0.036506
0 0.852539 0.635593 0.030273 0.044329
